  REFDES  PartNum  X   Y
1      3000.0   2850.0
2      -1150.0   1250.0
3      250.0   -700.0
4      200.0   1650.0
5      -1200.0   1050.0
6  C1  08070668  -1750.0   450.0
7  C2  08070668  -1400.0   500.0
8  C3  08070668  -1000.0   550.0
9  C4  08070668  -750.0   550.0
10  C5  08070668  -550.0   550.0
11  C6  08070668  -400.0   550.0
12  C7  08070668  -1750.0   250.0
13  C8  08070668  -1550.0   200.0
14  C9  08070668  -1400.0   200.0
15  C10  08070668  -1200.0   200.0
16  C11  08070668  -1050.0   250.0
17  C12  08070668  -900.0   250.0
18  C13  08070668  -750.0   300.0
19  C14  08070668  -550.0   300.0
20  C15  08070668  -400.0   300.0
21  C16  08070668  -250.0   250.0
22  C17  08070668  -350.0   150.0
23  C18  08070668  -500.0   200.0
24  C19  08070668  -550.0   100.0
25  C20  08070668  -700.0   200.0
26  C21  08070668  -850.0   0.0
27  C22  08070668  -800.0   100.0
28  C23  08070668  -950.0   100.0
29  C24  08070668  -1100.0   -100.0
30  C25  08070668  -1150.0   0.0
31  C26  08070668  -1150.0   100.0
32  C27  08070668  -1300.0   100.0
33  C28  08070668  -1350.0   0.0
34  C29  08070668  -1500.0   100.0
35  C30  08070668  -1500.0   0.0
36  C31  08070668  -1700.0   -200.0
37  C32  08070668  -1700.0   50.0
38  C33  08070668  -1850.0   -150.0
39  C34  08070668  -1900.0   50.0
40  C35  08070668  -1900.0   -50.0
41  C36  08070668  -1750.0   -50.0
42  C37  08070668  -1600.0   -100.0
43  C38  08070668  -1550.0   -200.0
44  C39  08070668  -1400.0   -200.0
45  C40  08070668  -1250.0   -200.0
46  C41  08070668  -1100.0   -200.0
47  C42  08070668  -900.0   -100.0
48  C43  08070668  -850.0   -200.0
49  C44  08070668  -700.0   -100.0
50  C45  08070668  -650.0   -200.0
51  C46  08070668  -450.0   -250.0
52  C47  08070668  -350.0   -150.0
53  C48  08070668  -200.0   -200.0
54  C49  08070668  -50.0   -200.0
55  C50  08070668  -50.0   -350.0
56  C51  08070668  -250.0   -450.0
57  C52  08070668  -400.0   -450.0
58  C53  08070668  -650.0   -450.0
59  C54  08070668  -800.0   -450.0
60  C55  08070668  -1050.0   -500.0
61  C56  08070668  -1250.0   -500.0
62  C57  08070668  -1450.0   -450.0
63  C58  08070668  -1650.0   -500.0
64  C59  08070668  -1800.0   -450.0
65  C60  08070668  -1900.0   -550.0
66  C61  08070668  -2000.0   -450.0
67  C62  08070668  -2050.0   -600.0
68  C63  08070668  -1850.0   -650.0
69  C64  08070668  -1400.0   -550.0
70  C65  08070668  -1050.0   -600.0
71  C66  08070668  -900.0   -600.0
72  C67  08070668  -650.0   -550.0
73  C68  08070668  -400.0   -600.0
74  C69  08070668  -250.0   -600.0
75  C70  08070668  -50.0   -550.0
76  C71  08070668  100.0   -600.0
77  C72  08070668  150.0   -700.0
78  C73  08070668  -50.0   -750.0
79  C74  08070668  -350.0   -800.0
80  C75  08070668  -600.0   -800.0
81  C76  08070668  -750.0   -750.0
82  C77  08070668  -800.0   -850.0
83  C78  08070668  -950.0   -850.0
84  C79  08070668  -1100.0   -1050.0
85  C80  08070668  -1150.0   -950.0
86  C81  08070668  -1250.0   -850.0
87  C82  08070668  -1250.0   -750.0
88  C83  08070668  -1400.0   -650.0
89  C84  08070668  -1400.0   -750.0
90  C85  08070668  -1450.0   -950.0
91  C86  08070668  -1550.0   -750.0
92  C87  08070668  -1600.0   -950.0
93  C88  08070668  -1700.0   -700.0
94  C89  08070668  -1700.0   -800.0
95  C90  08070668  -1750.0   -900.0
96  C91  08070668  -1800.0   -1100.0
97  C92  08070640  -1850.0   -1000.0
98  C93  08070640  -1900.0   -900.0
99  C94  08070640  -2000.0   -1000.0
100  C95  08070640  -2050.0   -900.0
101  C96  08070640  -2050.0   -800.0
102  C97  08070640  -2100.0   -1100.0
103  C98  08070640  -2100.0   -1200.0
104  C99  08070640  -2150.0   -1300.0
105  C100  08070640  -1900.0   -1350.0
106  C101  08070640  -1700.0   -1300.0
107  C102  08070640  -1350.0   -1300.0
108  C103  08070640  -1100.0   -1250.0
109  C104  08070640  -800.0   -1250.0
110  C105  08070640  -1450.0   -1200.0
111  C106  08070640  -1150.0   -1350.0
112  C107  08070640  -950.0   -1250.0
113  C108  08070464  -3350.0   2600.0
114  C109  08070464  -3750.0   2450.0
115  C110  08070464  -3500.0   2550.0
116  C111  08070232  -4100.0   2850.0
117  C112  08070232  -4400.0   2850.0
118  C113  08070232  -4250.0   2850.0
119  C114  08070250  -3150.0   2400.0
120  C115  08070250  -3800.0   2250.0
121  C116  08070250  -3800.0   2350.0
122  C117  08070250  -3600.0   2250.0
123  C118  08070250  -3650.0   2550.0
124  C119  08070250  -3300.0   2400.0
125  C120  08070250  -3450.0   2250.0
126  C121  08070247  -4000.0   2950.0
127  C122  08070247  -3950.0   2850.0
128  C123  08070247  -3800.0   2800.0
129  C124  08070247  -3950.0   2750.0
130  C125  08070247  -3550.0   2900.0
131  C126  08070247  -3500.0   2800.0
132  C127  08070247  -3350.0   2800.0
133  C128  08070247  -3150.0   2500.0
134  C129  08070247  -3150.0   2700.0
135  C130  08070247  -3150.0   2800.0
136  C131  08070247  -2950.0   2700.0
137  C132  08070247  -2700.0   2850.0
138  C133  08070247  -2850.0   2800.0
139  C134  08070247  -2700.0   2750.0
140  C135  08070247  -2800.0   2650.0
141  C136  08070247  -3950.0   2650.0
142  C137  08070247  -3350.0   2700.0
143  C138  08070247  -3050.0   2600.0
144  C139  08070247  -3650.0   1950.0
145  C140  08070247  -4250.0   2750.0
146  C141  08070247  -4350.0   2550.0
147  C142  08070247  -4400.0   2750.0
148  C143  08070247  -4550.0   2650.0
149  C144  08070247  -4500.0   2550.0
150  C145  08070247  -4650.0   2550.0
151  C146  08070247  -4800.0   2550.0
152  C147  08070247  -4950.0   2550.0
153  C148  08070247  -5100.0   2500.0
154  C149  08070247  -5200.0   2600.0
155  C150  08070247  -5250.0   2450.0
156  C151  08070247  -5150.0   2350.0
157  C152  08070247  -5000.0   2350.0
158  C153  08070247  -4850.0   2350.0
159  C154  08070247  -4650.0   2450.0
160  C155  08070247  -4700.0   2350.0
161  C156  08070247  -4550.0   2350.0
162  C157  08070247  -4400.0   2450.0
163  C158  08070247  -4350.0   2350.0
164  C159  08070247  -4400.0   2650.0
165  C160  08070247  -4250.0   2650.0
166  C161  08070247  -4100.0   2750.0
167  C162  08070247  -4100.0   2650.0
168  C163  08070651  1250.0   -800.0
169  C164  08070651  1200.0   -700.0
170  C165  08070651  1200.0   -600.0
171  C166  08070651  1200.0   -500.0
172  C167  08010516  -2850.0   4800.0
173  C168  08010516  -2450.0   4800.0
174  C169  08010516  -2100.0   4750.0
175  C170  08010602  -4800.0   4200.0
176  C171  08010602  -4350.0   4250.0
177  C172  08010602  -3900.0   4250.0
178  C173  08070651  2600.0   -1050.0
179  C174  08010270  4000.0   4100.0
180  C175  08010270  4000.0   4550.0
181  C176  08010270  4000.0   5000.0
182  C177  08010270  4000.0   5500.0
183  C178  08070722  -1850.0   3100.0
184  C179  08070722  -950.0   3800.0
185  C180  08070668  -200.0   3650.0
186  C181  08070668  600.0   3800.0
187  C182  08070668  1050.0   3700.0
188  C183  08010516  -5150.0   4200.0
189  C184  08070668  -800.0   3050.0
190  C186  08070249  -4100.0   2350.0
191  C187  08070249  -4200.0   2550.0
192  C188  08070249  -3850.0   1850.0
193  C189  08070249  -4200.0   2450.0
194  C190  08070249  -3500.0   2150.0
195  C191  08070249  -4050.0   2450.0
196  C192  08070249  -4050.0   2550.0
197  C193  08070249  -3950.0   2250.0
198  C194  08070249  -3950.0   2350.0
199  C195  08070249  -3950.0   2150.0
200  C196  08070249  -4100.0   2250.0
201  C197  08070249  -3800.0   1950.0
202  C198  08070249  -3900.0   2500.0
203  C199  08070249  -3800.0   2700.0
204  C200  08070249  -3800.0   2050.0
205  C201  08070249  -3800.0   2600.0
206  C202  08070249  -3500.0   2700.0
207  C203  08070249  -3300.0   2300.0
208  C204  08070728  1850.0   3000.0
209  C205  08070728  1850.0   3200.0
210  C206  08070728  1900.0   3350.0
211  C207  08070728  2150.0   2950.0
212  C208  08070728  2150.0   3200.0
213  C209  08070728  2250.0   3350.0
214  C210  08070728  2500.0   3050.0
215  C211  08070728  2400.0   3250.0
216  C212  08070728  2450.0   3400.0
217  C213  08070728  -1350.0   2500.0
218  C214  08070230  -2050.0   4200.0
219  C215  08070230  -5150.0   3750.0
220  C216  08070230  -4800.0   3650.0
221  C217  08070230  -4400.0   3650.0
222  C218  08070230  -3950.0   3650.0
223  C219  08070230  -3500.0   3600.0
224  C220  08070230  -2600.0   3550.0
225  C221  08070230  -3050.0   3650.0
226  C222  08070230  -2150.0   3600.0
227  C223  08070230  -2150.0   3250.0
228  C224  08070230  -2600.0   3150.0
229  C225  08070230  -3200.0   3300.0
230  C226  08070230  -3650.0   3250.0
231  C227  08070230  -4050.0   3200.0
232  C228  08070230  -4500.0   3200.0
233  C229  08070230  -5000.0   3200.0
234  C230  08070230  -5400.0   3150.0
235  C231  08070230  -5200.0   2750.0
236  C232  08070230  -4800.0   2750.0
237  C233  08070230  -5050.0   3000.0
238  C234  08070230  -4900.0   3100.0
239  C235  08070230  -4850.0   3000.0
240  C236  08070230  -4700.0   3100.0
241  C237  08070230  -4600.0   3000.0
242  C238  08070230  -4450.0   3000.0
243  C239  08070230  -4300.0   3000.0
244  C240  08070230  -4150.0   3000.0
245  C241  08070230  -4000.0   3050.0
246  C242  08070230  -3850.0   3050.0
247  C243  08070230  -3750.0   2900.0
248  C244  08070230  -4550.0   2850.0
249  C245  08070230  -4700.0   2850.0
250  C246  08070230  -4850.0   2850.0
251  C247  08070230  -2800.0   3050.0
252  C248  08070230  -3700.0   3000.0
253  C249  08070230  -3550.0   3000.0
254  C250  08070230  -3400.0   3000.0
255  C251  08070230  -3250.0   3050.0
256  C252  08070230  -3250.0   2950.0
257  C253  08070230  -3000.0   3050.0
258  C254  08070230  -3100.0   2950.0
259  C255  08070230  -2950.0   2950.0
260  C256  08070230  -2800.0   2950.0
261  C257  08070249  -3300.0   2500.0
262  C258  08070249  -3650.0   2150.0
263  C259  08070249  -3800.0   2150.0
264  C260  08070249  -3650.0   2050.0
265  C261  08070249  -3200.0   2600.0
266  C262  08070249  -3650.0   2700.0
267  C263  08070249  -3650.0   2800.0
268  C264  08010071  2100.0   1100.0
269  C265  08070668  -6400.0   6200.0
270  C266  08070651  -6250.0   6300.0
271  C267  08070651  -6050.0   6150.0
272  C268  08070651  -6000.0   6300.0
273  C269  08070651  -6000.0   6500.0
274  C270  08070583  -3450.0   2450.0
275  C271  08070583  -3600.0   2450.0
276  C272  08070583  -3600.0   2350.0
277  C273  08070583  -3450.0   2350.0
278  C274  08050092  -3500.0   4200.0
279  C275  08050092  -2850.0   4200.0
280  C276  08070228  -2400.0   4200.0
281  C277  08070591  -2150.0   2100.0
282  C278  08070640  -6050.0   5850.0
283  C279  08070604  -6550.0   5850.0
284  C280  08070604  -6900.0   5950.0
285  C281  08070604  -7000.0   5750.0
286  C282  08070604  -6800.0   5550.0
287  C283  08070651  -6500.0   5550.0
288  C284  08070651  -6200.0   5500.0
289  C285  08070651  -5950.0   5550.0
290  C286  08070651  -5700.0   5550.0
291  C287  08070651  -5500.0   5550.0
292  C288  08070640  -4850.0   5600.0
293  C289  08070640  -5150.0   5500.0
294  D1  15010249  -2700.0   850.0
295  D2  15010249  -3750.0   550.0
296  D3  15010249  -3550.0   550.0
297  D4  15010249  -3350.0   600.0
298  D5  15010249  -3100.0   600.0
299  D6  15010249  -2900.0   600.0
300  D7  15010249  -2700.0   600.0
301  D8  15010362  -4500.0   200.0
302  D9  15010362  -4850.0   200.0
303  D10  15010362  -4100.0   200.0
304  D11  15010362  -3700.0   200.0
305  D12  15010362  -3400.0   200.0
306  D13  15010183  3450.0   9199.330708661417
307  D14  15020063  -2750.0   200.0
308  D15  15020063  -4950.0   -50.0
309  D16  15020063  -4700.0   -50.0
310  D17  15010362  -3100.0   200.0
311  D18  15010041  -4600.0   1450.0
312  D19  15010041  -4450.0   1450.0
313  D20  15010041  -4300.0   1650.0
314  D21  15010041  -4200.0   1450.0
315  D22  15010041  -4050.0   1450.0
316  D23  15010041  -3900.0   1450.0
317  D24  15010041  -3100.0   1450.0
318  D25  15010041  -3750.0   1450.0
319  D26  15010041  -3600.0   1450.0
320  D27  15010041  -3450.0   1450.0
321  D28  15010041  -3250.0   1450.0
322  D29  15040106  -4150.0   -50.0
323  D30  15010183  2900.0   1550.0
324  D31  15010215  -3750.0   1150.0
325  D32  15010215  -3550.0   1150.0
326  D33  15010215  -3750.0   850.0
327  D34  15010215  -3350.0   1150.0
328  D35  15010215  -3150.0   1150.0
329  D36  15010215  -2950.0   1150.0
330  D37  15010215  -3500.0   850.0
331  D38  15010215  -3300.0   850.0
332  D39  15010215  -2900.0   850.0
333  D40  15010215  -2750.0   1150.0
334  D41  15010215  -3100.0   850.0
335  D42  15040143  -3250.0   -100.0
336  D43  15040143  -2850.0   -100.0
337  D44  15040143  -3600.0   -50.0
338  D45  15010035  -5050.0   1450.0
339  D46  15010035  -4900.0   1450.0
340  D47  15010096  -2850.0   1450.0
341  D48  15010096  -5050.0   1200.0
342  D49  15010035  -4750.0   1450.0
343  J1  14200059  300.0   3600.0
344  J2  14200059  150.0   3600.0
345  J3  14200075  3450.0   4600.0
346  J4  14100035  800.0   1000.0
347  J5  14100035  1250.0   1250.0
348  J6  14100035  1550.0   1000.0
349  J7  14100034  3700.0   10400.0
350  J8  14060012  4000.0   7900.0
351  J9  14060012  3350.0   7350.0
352  J10  14060024  250.0   8750.0
353  J11  14100125  3350.0   950.0
354  J12  14100068  1300.0   10400.0
355  J13  14100023  4000.0   9500.0
356  J14  14100023  4050.0   9950.0
357  J15  14050006  -3550.0   7050.0
358  J16  14050006  -2850.0   7050.0
359  J17  14050006  -2500.0   7050.0
360  L1  10030036  -3050.0   -3000.0
361  L2  10030036  -2700.0   -2950.0
362  L3  10030036  -2200.0   -3050.0
363  L4  10011148  -1500.0   -3150.0
364  L5  10041257  -6650.0   -3800.0
365  L6  10041257  -6100.0   -3850.0
366  L7  10070006  -5650.0   -3850.0
367  L8  10070006  -5100.0   -3850.0
368  L9  10070006  -4650.0   -3900.0
369  L10  10070006  -4200.0   -3900.0
370  L11  10070006  -3650.0   -3850.0
371  L12  10070006  -3250.0   -3700.0
372  Q1  15050072  -4900.0   -1650.0
373  Q2  15050072  -4750.0   -1650.0
374  Q3  15050072  -4600.0   -1650.0
375  Q4  15050072  -4450.0   -1650.0
376  Q5  15050072  -4300.0   -1650.0
377  Q6  15050072  -4150.0   -1850.0
378  Q7  15050072  -4050.0   -1650.0
379  Q8  15050072  -3900.0   -1650.0
380  Q9  15050072  -3750.0   -1650.0
381  Q10  15050072  -3600.0   -1650.0
382  Q11  15050072  -3450.0   -1650.0
383  Q12  15050072  -3300.0   -1650.0
384  Q13  15050072  -3150.0   -1650.0
385  Q14  15050072  -3000.0   -1650.0
386  Q15  15050072  -2850.0   -1650.0
387  Q16  15050072  -2700.0   -1650.0
388  Q17  15050072  -4900.0   -1900.0
389  Q18  15050072  -4700.0   -1900.0
390  Q19  15050072  -4550.0   -1900.0
391  Q20  15050072  -4350.0   -1900.0
392  Q21  15050072  -4000.0   -1850.0
393  Q22  15050072  -3850.0   -1850.0
394  Q23  15050072  -3700.0   -1850.0
395  Q24  15050072  -3500.0   -1850.0
396  Q25  15050072  -3350.0   -1850.0
397  Q26  15050072  -3100.0   -1900.0
398  Q27  15050072  -2900.0   -1850.0
399  Q28  15050072  -2650.0   -1900.0
400  Q29  15050072  -4900.0   -2200.0
401  Q30  15050072  -4750.0   -2200.0
402  Q31  15050072  -4600.0   -2200.0
403  Q32  15050072  -4450.0   -2200.0
404  Q33  15050072  -4250.0   -2200.0
405  Q34  15050026  -4400.0   -350.0
406  Q35  15050026  -4200.0   -350.0
407  Q36  15050026  -4000.0   -350.0
408  Q37  15050026  -3800.0   -400.0
409  Q38  15050026  -3600.0   -400.0
410  Q39  15050026  -3400.0   -400.0
411  Q40  15050026  -3200.0   -400.0
412  Q41  15050026  -3050.0   -400.0
413  Q42  15050026  -2900.0   -400.0
414  Q43  15050026  -2750.0   -400.0
415  Q44  15050026  -4950.0   -650.0
416  Q45  15050026  -4750.0   -650.0
417  Q46  15050026  -4550.0   -650.0
418  Q47  15050026  -4400.0   -650.0
419  Q48  15050026  -4250.0   -650.0
420  Q49  15050026  -4100.0   -650.0
421  Q50  15050026  -3950.0   -650.0
422  Q51  15050026  -3800.0   -650.0
423  Q52  15050026  -3650.0   -650.0
424  Q53  15050026  -3500.0   -650.0
425  Q54  15050026  -3350.0   -650.0
426  Q55  15050026  -3150.0   -650.0
427  Q56  15050026  -3000.0   -650.0
428  Q57  15050026  -2850.0   -650.0
429  Q58  15050026  -2700.0   -650.0
430  Q59  15050026  -4950.0   -900.0
431  Q60  15050026  -4750.0   -900.0
432  Q61  15050026  -4550.0   -900.0
433  Q62  15050026  -4400.0   -900.0
434  Q63  15050026  -4250.0   -900.0
435  Q64  15050026  -4050.0   -850.0
436  Q65  15050026  -2800.0   -1400.0
437  Q66  15050026  -3850.0   -900.0
438  Q67  15050026  -3700.0   -900.0
439  Q68  15050026  -3550.0   -900.0
440  Q69  15050026  -3400.0   -950.0
441  Q70  15050026  -3200.0   -950.0
442  Q71  15050026  -3050.0   -900.0
443  Q72  15050026  -2900.0   -950.0
444  Q73  15050026  -2750.0   -900.0
445  Q74  15050026  -4900.0   -1150.0
446  Q75  15050026  -4750.0   -1150.0
447  Q76  15050026  -4600.0   -1150.0
448  Q77  15050026  -4450.0   -1150.0
449  Q78  15050026  -4300.0   -1150.0
450  Q79  15050026  -4150.0   -1150.0
451  Q80  15050026  -4000.0   -1150.0
452  Q81  15050026  -3700.0   -1150.0
453  Q82  15050026  -3850.0   -1150.0
454  Q83  15050026  -3550.0   -1150.0
455  Q84  15050026  -3400.0   -1150.0
456  Q85  15050026  -3250.0   -1150.0
457  Q86  15050026  -3100.0   -1150.0
458  Q87  15050026  -2950.0   -1150.0
459  Q88  15050026  -2800.0   -1150.0
460  Q89  15050026  -4900.0   -1400.0
461  Q90  15050026  -4750.0   -1400.0
462  Q91  15050026  -4600.0   -1400.0
463  Q92  15050026  -4450.0   -1400.0
464  Q93  15050026  -4300.0   -1400.0
465  Q94  15050026  -4150.0   -1400.0
466  Q95  15050026  -4000.0   -1400.0
467  Q96  15050026  -3850.0   -1400.0
468  Q97  15050026  -3700.0   -1400.0
469  Q98  15050026  -3550.0   -1400.0
470  Q99  15050026  -3400.0   -1400.0
471  Q100  15050026  -3250.0   -1400.0
472  Q101  15050026  -3100.0   -1400.0
473  Q102  15050026  -2950.0   -1400.0
474  Q103  15050026  -2650.0   -1400.0
475  Q104  15040242  -4800.0   -350.0
476  Q105  15040242  -5000.0   -300.0
477  Q106  15050023  -4600.0   -350.0
478  Q107  15050162  -3550.0   -2350.0
479  Q108  15050161  -3950.0   -2350.0
480  Q109  15060063  2700.0   1000.0
481  R1  07090686  -6650.0   -6250.0
482  R2  07090686  -6550.0   -6400.0
483  R3  07090686  -6250.0   -6300.0
484  R4  07090686  -5950.0   -6300.0
485  R5  07090686  -5650.0   -6200.0
486  R6  07090686  -5500.0   -6150.0
487  R7  07090686  -5100.0   -6200.0
488  R8  07090686  -4800.0   -6100.0
489  R9  07090686  -4500.0   -6000.0
490  R10  07090686  -4250.0   -6050.0
491  R11  07090686  -4100.0   -6050.0
492  R12  07090686  -3900.0   -6050.0
493  R13  07090686  -3700.0   -6050.0
494  R14  07090686  -3500.0   -6000.0
495  R15  07090686  -3300.0   -6000.0
496  R16  07090686  -3000.0   -6050.0
497  R17  07090686  -2750.0   -6100.0
498  R18  07090686  -2450.0   -6100.0
499  R19  07090686  -2400.0   -6050.0
500  R20  07090686  -2100.0   -5950.0
501  R21  07090686  -1850.0   -6000.0
502  R22  07090686  -1700.0   -5900.0
503  R23  07090686  -1550.0   -6150.0
504  R24  07090686  -1850.0   -6250.0
505  R25  07090686  -2100.0   -6250.0
506  R26  07090686  -2250.0   -6250.0
507  R27  07090686  -2500.0   -6300.0
508  R28  07090686  -3000.0   -6200.0
509  R29  07090686  -3200.0   -6250.0
510  R30  07090686  -3650.0   -6200.0
511  R31  07090686  -4000.0   -6200.0
512  R32  07090686  -4350.0   -6250.0
513  R33  07090686  -4700.0   -6200.0
514  R34  07090686  -4950.0   -6300.0
515  R35  07090686  -5200.0   -6350.0
516  R36  07090686  -5400.0   -6350.0
517  R37  07090686  -5550.0   -6350.0
518  R38  07090686  -5650.0   -6400.0
519  R39  07090686  -5800.0   -6400.0
520  R40  07090686  -5950.0   -6400.0
521  R41  07090686  -6150.0   -6450.0
522  R42  07090686  -6350.0   -6600.0
523  R43  07090686  -6200.0   -6650.0
524  R44  07090686  -6000.0   -6650.0
525  R45  07090686  -5700.0   -6650.0
526  R46  07090686  -5550.0   -6600.0
527  R47  07090686  -5400.0   -6600.0
528  R48  07090686  -5150.0   -6550.0
529  R49  07090686  -4950.0   -6500.0
530  R50  07090686  -4850.0   -6400.0
531  R51  07090686  -4600.0   -6450.0
532  R52  07090686  -4500.0   -6500.0
533  R53  07090686  -4400.0   -6450.0
534  R54  07090686  -4300.0   -6400.0
535  R55  07090686  -3950.0   -6400.0
536  R56  07090686  -4050.0   -6550.0
537  R57  07090686  -4050.0   -6350.0
538  R58  07090686  -3550.0   -6450.0
539  R59  07090686  -3700.0   -6500.0
540  R60  07090686  -3750.0   -6400.0
541  R61  07090686  -3350.0   -6500.0
542  R62  07090686  -3200.0   -6400.0
543  R63  07090686  -3000.0   -6500.0
544  R64  07090686  -2800.0   -6400.0
545  R65  07090686  -2650.0   -6450.0
546  R66  07090686  -2450.0   -6450.0
547  R67  07090686  -2300.0   -6450.0
548  R68  07090686  -2150.0   -6400.0
549  R69  07090686  -2000.0   -6450.0
550  R70  07090686  -1900.0   -6400.0
551  R71  07090686  -1750.0   -6350.0
552  R72  07090686  -1700.0   -6550.0
553  R73  07090686  -1850.0   -6500.0
554  R74  07090686  -1950.0   -6550.0
555  R75  07090686  -2050.0   -6600.0
556  R76  07090686  -2150.0   -6650.0
557  R77  07090686  -2350.0   -6700.0
558  R78  07090686  -2550.0   -6700.0
559  R79  07090686  -2700.0   -6700.0
560  R80  07090686  -3000.0   -6550.0
561  R81  07090686  -3100.0   -6600.0
562  R82  07090686  -3200.0   -6650.0
563  R83  07090686  -3350.0   -6650.0
564  R84  07090686  -3550.0   -6700.0
565  R85  07090686  -3700.0   -6700.0
566  R86  07090985  -4000.0   -6650.0
567  R87  07090985  -4100.0   -6700.0
568  R88  07090985  -4300.0   -6650.0
569  R89  07090601  -4400.0   -6700.0
570  R90  07090601  -4600.0   -6700.0
571  R91  07090601  -4650.0   -6750.0
572  R92  07090758  -4900.0   -6800.0
573  R93  07090758  -5050.0   -6700.0
574  R94  07090758  -5150.0   -6800.0
575  R95  07090890  -5150.0   -6750.0
576  R96  07090890  -5300.0   -6750.0
577  R97  07090890  -5450.0   -6800.0
578  R98  07090890  -5600.0   -6800.0
579  R99  07090890  -5750.0   -6800.0
580  R100  07090890  -5800.0   -6850.0
581  R101  07090890  -6000.0   -6900.0
582  R102  07090890  -6250.0   -6900.0
583  R103  07090890  -6300.0   -6950.0
584  R104  07090890  -2450.0   -7300.0
585  R105  07090890  -250.0   -6300.0
586  R106  07090890  200.0   -5200.0
587  R107  07090890  -650.0   -6650.0
588  R108  07090890  100.0   -5750.0
589  R109  07090890  -50.0   -6150.0
590  R110  07090890  450.0   -6600.0
591  R111  07090890  1000.0   -5750.0
592  R112  07090890  1150.0   -5500.0
593  R113  07090890  1500.0   -5050.0
594  R114  07090890  1550.0   -5000.0
595  R115  07090890  1450.0   -5100.0
596  R116  07090890  1400.0   -5350.0
597  R117  07090890  1400.0   -5300.0
598  R118  07090890  1400.0   -5250.0
599  R119  07090890  1400.0   -5200.0
600  R120  07090890  1100.0   -4800.0
601  R121  07090890  850.0   -4950.0
602  R122  07090890  300.0   -5850.0
603  R123  07090890  450.0   -5850.0
604  R124  07090890  600.0   -5850.0
605  R125  07090890  800.0   -5850.0
606  R126  07090890  250.0   -6000.0
607  R127  07090890  450.0   -6000.0
608  R128  07090890  600.0   -6000.0
609  R129  07090890  800.0   -6000.0
610  R130  07090890  200.0   -6200.0
611  R131  07090890  450.0   -6200.0
612  R132  07090890  700.0   -6150.0
613  R133  07090890  900.0   -6200.0
614  R134  07090890  650.0   -6300.0
615  R135  07090890  400.0   -6300.0
616  R136  07090890  900.0   -6300.0
617  R137  07090890  900.0   -6450.0
618  R138  07090890  650.0   -6500.0
619  R139  07090890  850.0   -6650.0
620  R140  07090890  1100.0   -6250.0
621  R141  07090890  1050.0   -5850.0
622  R142  07090890  1100.0   -5950.0
623  R143  07090890  1300.0   -6100.0
624  R144  07090890  1300.0   -5750.0
625  R145  07090890  1250.0   -5600.0
626  R146  07090890  1250.0   -5900.0
627  R147  07090889  1300.0   -6300.0
628  R148  07090889  1250.0   -6450.0
629  R149  07090889  1250.0   -6500.0
630  R150  07090889  1150.0   -6550.0
631  R151  07090889  1550.0   -6500.0
632  R152  07090889  1550.0   -5950.0
633  R153  07090889  1500.0   -6200.0
634  R154  07090889  1600.0   -5650.0
635  R155  07090889  1500.0   -5450.0
636  R156  07090889  750.0   -5400.0
637  R157  07090889  600.0   -5550.0
638  R158  07090889  250.0   -5500.0
639  R159  07090889  -50.0   -5450.0
640  R160  07090889  -200.0   -5200.0
641  R161  07090889  -150.0   -4900.0
642  R162  07090889  100.0   -4750.0
643  R163  07090889  300.0   -4850.0
644  R164  07090889  550.0   -4700.0
645  R165  07090889  450.0   -4550.0
646  R166  07090889  50.0   -4550.0
647  R167  07090889  -200.0   -4600.0
648  R168  07090889  -350.0   -4700.0
649  R169  07090889  -550.0   -4800.0
650  R170  07090889  -500.0   -4900.0
651  R171  07090889  -450.0   -5100.0
652  R172  07090889  -450.0   -5450.0
653  R173  07090889  -500.0   -5550.0
654  R174  07090889  -500.0   -5850.0
655  R175  07090889  -600.0   -5950.0
656  R176  07090889  -700.0   -6150.0
657  R177  07090889  -750.0   -6250.0
658  R178  07090889  -550.0   -6450.0
659  R179  07090889  -250.0   -6650.0
660  R180  07090889  0.0   -6700.0
661  R181  07090889  200.0   -6700.0
662  R182  07090889  50.0   -6400.0
663  R183  07090917  -350.0   -5750.0
664  R184  07090917  -150.0   -5600.0
665  R185  07090917  -850.0   -5400.0
666  R186  07090917  -900.0   -5750.0
667  R187  07090917  -1000.0   -5950.0
668  R188  07090917  -900.0   -6250.0
669  R189  07090700  -900.0   -6450.0
670  R190  07090700  -1050.0   -6550.0
671  R191  07090700  -1150.0   -6500.0
672  R192  07090917  -1200.0   -6350.0
673  R193  07090917  -1200.0   -6150.0
674  R194  07090917  -1150.0   -6000.0
675  R195  07090603  -1150.0   -5850.0
676  R196  07090603  -1200.0   -5800.0
677  R197  07090603  -1150.0   -5450.0
678  R198  07090603  -1050.0   -5150.0
679  R199  07090603  -1050.0   -5050.0
680  R200  07090603  -1100.0   -4950.0
681  R201  07090603  -1050.0   -4850.0
682  R202  07090603  -950.0   -4800.0
683  R203  07090603  -750.0   -4600.0
684  R204  07090603  -750.0   -4550.0
685  R205  07090603  -700.0   -4450.0
686  R206  07090603  -550.0   -4350.0
687  R207  07090603  -450.0   -4300.0
688  R208  07090603  -250.0   -4200.0
689  R209  07090603  -50.0   -4200.0
690  R210  07090603  100.0   -4250.0
691  R211  07090603  300.0   -4250.0
692  R212  07090603  450.0   -4250.0
693  R213  07090603  500.0   -4200.0
694  R214  07090603  650.0   -4300.0
695  R215  07090603  850.0   -4350.0
696  R216  07090603  850.0   -4500.0
697  R217  07090603  850.0   -4700.0
698  R218  07090603  1100.0   -4650.0
699  R219  07090603  1250.0   -4450.0
700  R220  07090603  1150.0   -4250.0
701  R221  07090603  1050.0   -4050.0
702  R222  07090603  -600.0   -4000.0
703  R223  07090603  -900.0   -3900.0
704  R224  07090603  -950.0   -3500.0
705  R225  07090603  -750.0   -3400.0
706  R226  07090603  -550.0   -3550.0
707  R227  07090603  -400.0   -3750.0
708  R228  07090603  -150.0   -3800.0
709  R229  07090603  100.0   -3800.0
710  R230  07090603  250.0   -3900.0
711  R231  07090603  400.0   -4000.0
712  R232  07090603  750.0   -3800.0
713  R233  07090603  850.0   -3750.0
714  R234  07090603  -1100.0   -3350.0
715  R235  07090603  -900.0   -3100.0
716  R236  07090603  -850.0   -2950.0
717  R237  07090603  -700.0   -2800.0
718  R238  07090603  -500.0   -2750.0
719  R239  07090603  -500.0   -3000.0
720  R240  07090603  -450.0   -3100.0
721  R241  07090603  -550.0   -3200.0
722  R242  07090603  -2450.0   600.0
723  R243  07090603  -2500.0   250.0
724  R244  07090603  -2550.0   100.0
725  R245  07090603  -2650.0   50.0
726  R246  07090603  -2800.0   50.0
727  R247  07090603  -3000.0   200.0
728  R248  07090603  -3000.0   400.0
729  R249  07090603  -2950.0   500.0
730  R250  07090603  -2900.0   600.0
731  R251  07090700  -2850.0   700.0
732  R252  07090700  -2750.0   750.0
733  R253  07090700  -2700.0   800.0
734  R254  07090700  -2600.0   900.0
735  R255  07090700  -2450.0   900.0
736  R256  07090700  -2350.0   950.0
737  R257  07090700  -2200.0   850.0
738  R258  07090700  -2200.0   750.0
739  R259  07090700  -2200.0   650.0
740  R260  07090700  -2300.0   450.0
741  R261  07090700  -2350.0   250.0
742  R262  07090700  -2400.0   50.0
743  R263  07090700  -2400.0   -50.0
744  R264  07090700  -2400.0   -150.0
745  R265  07090700  -3150.0   250.0
746  R266  07090700  -3200.0   -50.0
747  R267  07090700  -3150.0   -150.0
748  R268  07090700  -3050.0   -300.0
749  R269  07090700  -2950.0   -550.0
750  R270  07090700  -2850.0   -500.0
751  R271  07090700  -2750.0   -450.0
752  R272  07090700  -2600.0   -450.0
753  R273  07090700  -2550.0   -400.0
754  R274  07090700  -3350.0   800.0
755  R275  07090700  -3150.0   850.0
756  R276  07090700  -3100.0   750.0
757  R277  07090700  -3200.0   600.0
758  R278  07090700  -3250.0   550.0
759  R279  07090700  -3350.0   450.0
760  R280  07090700  -3350.0   400.0
761  R281  07090700  -3400.0   350.0
762  R282  07090700  -3500.0   200.0
763  R283  07090700  -3500.0   150.0
764  R284  07090700  -3500.0   100.0
765  R285  07090700  -3550.0   0.0
766  R286  07090700  -3550.0   -50.0
767  R287  07090700  -3550.0   -100.0
768  R288  07090700  -3450.0   -850.0
769  R289  07090700  -3450.0   -450.0
770  R290  07090700  -3300.0   -600.0
771  R291  07090638  -3150.0   -750.0
772  R292  07090638  -3050.0   -800.0
773  R293  07090638  -2900.0   -800.0
774  R294  07090638  -2750.0   -800.0
775  R295  07090638  -2700.0   -750.0
776  R296  07090638  -2650.0   -700.0
777  R297  07090638  -2600.0   -600.0
778  R298  07090638  -2500.0   -700.0
779  R299  07090884  -2550.0   -800.0
780  R300  07090884  -2700.0   -1050.0
781  R301  07090884  -2700.0   -1000.0
782  R302  07090884  -2850.0   -1050.0
783  R303  07090884  -3450.0   -2700.0
784  R304  07090884  -3100.0   -1000.0
785  R305  07090884  -3050.0   -1100.0
786  R306  07090884  -3100.0   -1200.0
787  R307  07090884  -3150.0   -1300.0
788  R308  07090884  -2950.0   -1400.0
789  R309  07090884  -2900.0   -1300.0
790  R310  07090884  -2900.0   -1200.0
791  R311  07090884  -2800.0   -1100.0
792  R312  07090884  -2600.0   -1200.0
793  R313  07090884  -2700.0   -1400.0
794  R314  07090884  -2700.0   -1350.0
795  R315  07090884  -2750.0   -1450.0
796  R316  07090884  -2850.0   -1500.0
797  R317  07090884  -3000.0   -1450.0
798  R318  07090884  -3100.0   -1400.0
799  R319  07090884  -3100.0   -1500.0
800  R320  07090884  -3000.0   -1700.0
801  R321  07090884  -2900.0   -1650.0
802  R322  07090884  -2700.0   -1650.0
803  R323  07090985  -2700.0   -1850.0
804  R324  07090985  -2650.0   -1900.0
805  R325  07090985  -2550.0   -1750.0
806  R326  07090985  -2500.0   -1700.0
807  R327  07090985  -2550.0   -1850.0
808  R328  07090985  -2600.0   -1800.0
809  R329  07090985  -2850.0   -1900.0
810  R330  07090985  -2950.0   -1950.0
811  R331  07090985  -3000.0   -2000.0
812  R332  07090985  -2800.0   -2100.0
813  R333  07090985  -2600.0   -2150.0
814  R334  07090985  -2400.0   -2100.0
815  R335  07090985  -2250.0   -2100.0
816  R336  07090985  -2150.0   -2200.0
817  R337  07090985  -2050.0   -2400.0
818  R338  07090985  -2100.0   -2450.0
819  R339  07090985  -2300.0   -2150.0
820  R340  07090985  -2250.0   -2450.0
821  R341  07090985  -2350.0   -2500.0
822  R342  07090985  -2400.0   -2400.0
823  R343  07090985  -2350.0   -2550.0
824  R344  07090985  -2050.0   -2600.0
825  R345  07090985  -1950.0   -2550.0
826  R346  07090985  -1850.0   -2300.0
827  R347  07090985  -1800.0   -2200.0
828  R348  07090985  -1650.0   -2250.0
829  R349  07090985  -1200.0   -2450.0
830  R350  07090985  -1250.0   -2300.0
831  R351  07090985  -1250.0   -2250.0
832  R352  07090985  -1250.0   -2400.0
833  R353  07090985  -1300.0   -2600.0
834  R354  07090985  -1500.0   -2600.0
835  R355  07090985  -1600.0   -2550.0
836  R356  07090985  -1400.0   -2150.0
837  R357  07090985  -1550.0   -2700.0
838  R358  07090985  -1550.0   -2650.0
839  R359  07090985  4600.0   -2000.0
840  R360  07090985  4800.0   -3000.0
841  R361  07090985  5450.0   -2300.0
842  R362  07090985  5450.0   -1850.0
843  R363  07090985  5550.0   -1550.0
844  R364  07090985  27100.0   14850.0
845  R365  07090547  27100.0   14650.0
846  R366  07090547  27050.0   14750.0
847  R367  07090547  26900.0   14700.0
848  R368  07090547  27100.0   14950.0
849  R369  07090547  27100.0   15050.0
850  R370  07090547  26800.0   15050.0
851  R371  07090547  27300.0   14500.0
852  R372  07090547  27250.0   14400.0
853  R373  07090547  27400.0   15100.0
854  R374  07090547  27400.0   15000.0
855  R375  07090985  27350.0   14850.0
856  R376  07090985  27350.0   14700.0
857  R377  07090985  27350.0   14600.0
858  R378  07090985  27400.0   14400.0
859  R379  07090985  27400.0   14350.0
860  R380  07090985  27400.0   14250.0
861  R381  07090728  27400.0   14150.0
862  R382  07090728  27400.0   14100.0
863  R383  07090728  27400.0   14050.0
864  R384  07090601  26750.0   14350.0
865  R385  07090601  26750.0   14600.0
866  R386  07090601  26750.0   14400.0
867  R387  07090601  26800.0   14550.0
868  R388  07090601  26850.0   14450.0
869  R389  07090601  26850.0   14500.0
870  R390  07090601  27050.0   14550.0
871  R391  07090601  17550.0   15400.0
872  R392  07090601  26800.0   14850.0
873  R393  07090601  17750.0   15250.0
874  R394  07090601  18050.0   14400.0
875  R395  07090601  17600.0   13800.0
876  R396  07090601  17600.0   12600.0
877  R397  07090601  18650.0   12100.0
878  R398  07090601  19250.0   13650.0
879  R399  07090601  19100.0   15350.0
880  R400  07090601  19050.0   17200.0
881  R401  07090601  19050.0   17750.0
882  R402  07090601  19450.0   15900.0
883  R403  07090601  19900.0   14350.0
884  R404  07090601  19450.0   13650.0
885  R405  07090601  18250.0   12600.0
886  R406  07090601  17800.0   11850.0
887  R407  07090601  17100.0   10900.0
888  R408  07090601  16850.0   10700.0
889  R409  07090601  16250.0   11750.0
890  R410  07090890  15950.0   12450.0
891  R411  07090890  16100.0   14150.0
892  R412  07090890  16350.0   15400.0
893  R413  07090890  16600.0   15100.0
894  R414  07090890  15800.0   14250.0
895  R415  07090890  15750.0   14200.0
896  R416  07090890  15800.0   15400.0
897  R417  07090890  15800.0   15700.0
898  R418  07090890  15600.0   15750.0
899  R419  07090890  15300.0   15650.0
900  R420  07090890  15150.0   15500.0
901  R421  07090890  14800.0   15150.0
902  R422  07090890  14550.0   14750.0
903  R423  07090890  14600.0   14450.0
904  R424  07090890  14450.0   14250.0
905  R425  07090890  14450.0   13950.0
906  R426  07090932  13800.0   13250.0
907  R427  07090932  13750.0   13050.0
908  R428  07090932  13800.0   12700.0
909  R429  07090932  13750.0   12200.0
910  R430  07090932  13750.0   12250.0
911  R431  07090932  13700.0   12300.0
912  R432  07090932  13650.0   12350.0
913  R433  07090932  13700.0   12650.0
914  R434  07090932  13850.0   12600.0
915  R435  07090932  13550.0   12500.0
916  R436  07090932  13850.0   12500.0
917  R437  07090932  13850.0   12400.0
918  R438  07090932  13900.0   12550.0
919  R439  07090932  13700.0   12400.0
920  R440  07090932  13550.0   12550.0
921  R441  07090932  13750.0   12450.0
922  R442  07050048  13700.0   12550.0
923  R443  07090263  14150.0   12500.0
924  R444  07090263  14350.0   12450.0
925  R445  07090263  14650.0   12500.0
926  R446  07090263  14900.0   12650.0
927  R447  07090263  14950.0   12800.0
928  R448  07090263  14900.0   12950.0
929  R449  07090263  14750.0   12950.0
930  R450  07090263  14450.0   12850.0
931  R451  07090700  14450.0   12950.0
932  R452  07090700  14500.0   13050.0
933  R453  07090700  14500.0   13150.0
934  R454  07090700  14650.0   13250.0
935  R455  07090700  14800.0   13350.0
936  R456  07090717  14950.0   13400.0
937  R457  07090717  15050.0   13450.0
938  R458  07090717  15250.0   13300.0
939  R459  07090717  15250.0   13100.0
940  R460  07090717  15250.0   13000.0
941  R461  07090717  15250.0   12900.0
942  R462  07090717  15250.0   12650.0
943  R463  07090717  15200.0   12400.0
944  R464  07090717  15200.0   12500.0
945  R465  07090717  15200.0   12450.0
946  R466  07090717  15150.0   12350.0
947  R467  07090717  15100.0   12300.0
948  R468  07090717  14950.0   12400.0
949  R469  07090717  14850.0   12350.0
950  R470  07090717  14800.0   12300.0
951  R471  07090717  14750.0   12250.0
952  R472  07090717  14700.0   12200.0
953  R473  07090717  14750.0   12000.0
954  R474  07090717  14750.0   12150.0
955  R475  07090717  14800.0   12100.0
956  R476  07090717  14800.0   12050.0
957  R477  07090717  14350.0   12100.0
958  R478  07090717  14400.0   12000.0
959  R479  07090717  14450.0   11950.0
960  R480  07090717  14500.0   11900.0
961  R481  07090717  14650.0   11900.0
962  R482  07090717  14850.0   11850.0
963  R483  07090717  14950.0   11900.0
964  R484  07090717  15050.0   11950.0
965  R485  07090717  15100.0   11900.0
966  R486  07090717  15050.0   11750.0
967  R487  07090717  14950.0   11700.0
968  R488  07090717  14750.0   11700.0
969  R489  07090717  14750.0   11650.0
970  R490  07090717  10000.0   5200.0
971  R491  07090717  11300.0   5600.0
972  R492  07090717  11500.0   5550.0
973  R493  07090268  11500.0   5600.0
974  R494  07090268  11200.0   5200.0
975  R495  07090268  10200.0   4800.0
976  R496  07090268  10100.0   4700.0
977  R497  07090268  9400.0   4550.0
978  R498  07090268  8950.0   4450.0
979  R499  07090268  10650.0   4850.0
980  R500  07090268  10750.0   4550.0
981  R501  07090268  14450.0   10650.0
982  R502  07090268  14200.0   10400.0
983  R503  07090268  14000.0   11500.0
984  R504  07090268  13700.0   11250.0
985  R505  07090268  13500.0   11050.0
986  R506  07090268  13700.0   10850.0
987  R507  07090268  13800.0   10650.0
988  R508  07090268  14200.0   10050.0
989  R509  07090268  14350.0   9850.0
990  R510  07090268  14550.0   10350.0
991  R511  07090268  14100.0   11200.0
992  R512  07090268  13900.0   11150.0
993  R513  07090268  13650.0   10700.0
994  R514  07090268  13600.0   10650.0
995  R515  07090268  13500.0   10350.0
996  R516  07090268  13500.0   10300.0
997  R517  07090268  14050.0   10000.0
998  R518  07090268  14500.0   10100.0
999  R519  07090268  15050.0   10050.0
1000  R520  07090268  15200.0   10000.0
1001  R521  07090268  15300.0   9950.0
1002  R522  07090268  16050.0   9200.0
1003  R523  07090268  15950.0   9450.0
1004  R524  07090268  15700.0   9500.0
1005  R525  07090268  15100.0   8750.0
1006  R526  07090554  14700.0   8350.0
1007  R527  07090554  13700.0   8050.0
1008  R528  07090554  12600.0   7750.0
1009  R529  07090554  12250.0   7600.0
1010  R530  07090554  11600.0   7100.0
1011  R531  07090554  11300.0   6400.0
1012  R532  07090554  12500.0   6750.0
1013  R533  07090554  12750.0   6550.0
1014  R534  07090554  13550.0   6400.0
1015  R535  07090554  14300.0   6550.0
1016  R536  07090554  16300.0   8600.0
1017  R537  07090554  16950.0   8550.0
1018  R538  07090554  17100.0   8550.0
1019  R539  07090554  17250.0   9000.0
1020  R540  07090554  17900.0   9950.0
1021  R541  07090554  17000.0   9250.0
1022  R542  07090554  16850.0   8800.0
1023  R543  07090554  16800.0   8300.0
1024  R544  07090554  16550.0   8150.0
1025  R545  07090554  14400.0   7750.0
1026  R546  07090554  14250.0   7700.0
1027  R547  07090554  14100.0   7350.0
1028  R548  07090554  14700.0   6950.0
1029  R549  07090554  15150.0   7100.0
1030  R550  07090554  15450.0   7150.0
1031  R551  07090554  15800.0   7300.0
1032  R552  07090554  15800.0   7200.0
1033  R553  07090554  15850.0   7100.0
1034  R554  07090554  16050.0   7300.0
1035  R555  07090554  16050.0   7200.0
1036  R556  07090554  16100.0   7100.0
1037  R557  07090554  16100.0   7000.0
1038  R558  07090554  16250.0   6650.0
1039  R559  07090601  16250.0   6750.0
1040  R560  07090728  16300.0   6800.0
1041  R561  07090728  16300.0   6850.0
1042  R562  07090728  16400.0   7050.0
1043  R563  07090728  16350.0   6900.0
1044  R564  07090728  16350.0   7000.0
1045  R565  07090728  16350.0   6950.0
1046  R566  07090728  16500.0   6950.0
1047  R567  07090728  17200.0   7550.0
1048  R568  07090522  17750.0   7550.0
1049  R569  07090522  17900.0   7600.0
1050  R570  07090522  18250.0   7400.0
1051  R571  07090522  17900.0   7100.0
1052  R572  07090522  17700.0   6600.0
1053  R573  07090017  17550.0   6700.0
1054  R574  07090017  17550.0   6600.0
1055  R575  07090017  17550.0   6050.0
1056  R576  07090890  17550.0   6500.0
1057  R577  07090890  17500.0   6450.0
1058  R578  07090739  17500.0   6200.0
1059  R579  07090739  17500.0   6350.0
1060  R580  07090555  18700.0   6650.0
1061  R581  07090264  19100.0   7550.0
1062  R582  07090751  18800.0   8550.0
1063  R583  07090744  18600.0   8900.0
1064  sp1  19020105  18350.0   9300.0
1065  TP1  00003  18050.0   9450.0
1066  TP2  00003  17900.0   9100.0
1067  TP3  00003  17900.0   8950.0
1068  TP4  00003  18150.0   10100.0
1069  TP5  00003  18250.0   10400.0
1070  TP6  00003  19650.0   11400.0
1071  TP7  00003  19950.0   10650.0
1072  T1  09040627  20200.0   9950.0
1073  U1  36020209  20200.0   9450.0
1074  U2  36020209  20700.0   8900.0
1075  U3  39110409  22150.0   10350.0
1076  U4  39110409  22850.0   9650.0
1077  U5  39110409  22550.0   9650.0
1078  U6  39110272  22300.0   9650.0
1079  U7  39110272  22000.0   9600.0
1080  U8  39110272  21800.0   9600.0
1081  U9  39110287  21550.0   9550.0
1082  U10  39080070  21200.0   9650.0
1083  U11  39080070  21450.0   9200.0
1084  U12  39080070  21700.0   9150.0
1085  U13  39080070  21950.0   9200.0
1086  U14  39080070  22200.0   9200.0
1087  U15  39080070  22450.0   9200.0
1088  U16  39080070  22700.0   9200.0
1089  U17  39080070  22950.0   9250.0
1090  U18  39080070  23200.0   9200.0
1091  U19  39080070  23200.0   8850.0
1092  U20  39080070  22850.0   8850.0
1093  U21  39080070  22450.0   8850.0
1094  U22  39080070  22200.0   8850.0
1095  U23  39080070  21950.0   8800.0
1096  U24  39080070  21700.0   8800.0
1097  U25  39080070  21400.0   8750.0
1098  U26  39080070  21400.0   8250.0
1099  U27  39080070  21650.0   8300.0
1100  U28  39080074  21950.0   8300.0
1101  U29  39080074  22250.0   8300.0
1102  U30  39080074  22550.0   8300.0
1103  U31  39080074  22800.0   8300.0
1104  U32  39080074  23100.0   8300.0
1105  U33  39030013  23050.0   7950.0
1106  U34  39030013  22800.0   7850.0
1107  U35  39030013  22450.0   7900.0
1108  U36  39030013  22200.0   7850.0
1109  U37  39030013  21950.0   7850.0
1110  U38  39030013  21700.0   7800.0
1111  U39  39030013  21400.0   7750.0
1112  U40  39030013  21350.0   7250.0
1113  U41  39030013  21600.0   7350.0
1114  U42  39030013  21850.0   7350.0
1115  U43  36020349  22200.0   7450.0
1116  U44  36020349  22750.0   7450.0
1117  U45  36020349  23250.0   7450.0
1118  U46  36020349  21400.0   6850.0
1119  U47  36020349  21950.0   6850.0
1120  U48  36020349  22450.0   6850.0
1121  U49  38020030  22850.0   6850.0
1122  U50  38020030  23100.0   6850.0
1123  U51  38020030  23350.0   6800.0
1124  U52  38020030  21300.0   6300.0
1125  U53  38020030  21550.0   6300.0
1126  U54  38090094  21800.0   6000.0
1127  U55  38090062  22000.0   6300.0
1128  U56  36020312  22200.0   6300.0
1129  U57  39110127  22500.0   6350.0
1130  U58  39110070  22850.0   6350.0
1131  U59  39100096  23200.0   6350.0
1132  U60  38090123  21350.0   5600.0
